541
919
1788
2749
4589
6355
7102
7727
8198
9383
12633
15708
16257
17799
19014
20411
21206
21303
21434
21566
22706
22890
24347
25790
28244
28837
29877
32174
32717
34433
34883
36485
37965
40784
43450
44691
45136
45196
47422
48635
51973
54453
54473
54833
57128
57969
60438
60536
63692
63902
67188
67952
68340
69931
72424
73147
74765
75873
76259
77706
78102
78159
78196
78826
81070
81726
82694
87123
87362
87740
89348
89814
91636
91932
96243
96471
96809
96921
97552
97664
97738
98884
100583
102380
102787
103028
107278
108024
108113
